Testing our CombSort on a vector of random integers...

Here is the unsorted vector of integers:

119 496 428 441 254 161 448 172 164 177 452 110 180 101 392 272 385 23 224 367 1
60 0 413 352 346 149 460 397 145 478 236 466 184 275 112 483 357 148 168 251 339
 23 500 123 432 197 370 82 102 267 245 217 379 9 458 283 483 47 29 302 343 372 4
12 402 376 55 156 363 185 230 294 49 51 166 424 205 378 12 284 300 456 49 321 38
2 211 12 22 152 317 331 26 189 304 341 273 57 72 323 221 224 440 428 387 6 107 3
16 219 0 208 103 91 179 298 429 404 135 459 226 83 156 378 28 482 88 69 384 441
198 107 208 46 473 25 152 335 79 264 324 456 420 314 417 75 493 440 104 20 16 12
8 257 444 8 151 314 6 292 384 396 363 101 265 479 451 281 49 207 359 238 233 182
 285 140 293 290 349 29 142 416 279 330 429 102 236 440 75 497 290 358 194 157 3
17 65 284 44 328 87 324 284 2 471 178 22 433 103 443 452 352 91 120 343 363 148
273 150 419 193 39 31 97 113 152 342 406 399 356 456 152 95 361 468 140 279 216
118 205 16 265 20 355 499 41 6 34 307 276 181 282 29 389 10 275 147 110 15 64 43
1 126 405 477 274 377 232 476 181 419 384 487 354 467 5 453 84 27 167 137 409 25
5 364 441 225 419 169 245 316 125 131 51 2 191 223 430 360 294 441 38 212 309 37
3 239 354 455 307 71 199 153 228 87 322 234 258 340 71 381 381 8 241 459 34 458
472 102 382 221 351 234 352 186 420 363 280 2 20 341 215 463 210 445 232 384 178
 436 315 252 376 479 161 145 311 70 463 200 212 364 494 135 15 23 108 106 370 11
 442 396 124 440 413 209 498 385 361 101 378 289 376 278 461 367 167 312 176 129
 40 22 114 434 314 37 386 192 250 314 143 136 333 114 201 270 470 220 459 405 43
9 393 85 425 172 347 164 156 193 245 258 3 286 499 81 220 235 371 257 472 202 15
2 336 74 72 433 52 50 350 232 6 393 431 492 230 176 328 215 342 410 178 257 239
266 107 31 35 88 293 155 194 299 284 291 59 115 416 205 245 207 406 311 69 189 4
43 205 9 82 356 468 363 141 198 240 70 192 302 349 412 355 163 490 25 312 203 22
9 443 500 261 360 111 366 381 351 90 86 218 423 385


Sorting...finished in 0 milliseconds.

Here is the sorted version

0 0 2 2 2 3 5 6 6 6 6 8 8 9 9 10 11 12 12 15 15 16 16 20 20 20 22 22 22 23 23 23
 25 25 26 27 28 29 29 29 31 31 34 34 35 37 38 39 40 41 44 46 47 49 49 49 50 51 5
1 52 55 57 59 64 65 69 69 70 70 71 71 72 72 74 75 75 79 81 82 82 83 84 85 86 87
87 88 88 90 91 91 95 97 101 101 101 102 102 102 103 103 104 106 107 107 107 108
110 110 111 112 113 114 114 115 118 119 120 123 124 125 126 128 129 131 135 135
136 137 140 140 141 142 143 145 145 147 148 148 149 150 151 152 152 152 152 152
153 155 156 156 156 157 160 161 161 163 164 164 166 167 167 168 169 172 172 176
176 177 178 178 178 179 180 181 181 182 184 185 186 189 189 191 192 192 193 193
194 194 197 198 198 199 200 201 202 203 205 205 205 205 207 207 208 208 209 210
211 212 212 215 215 216 217 218 219 220 220 221 221 223 224 224 225 226 228 229
230 230 232 232 232 233 234 234 235 236 236 238 239 239 240 241 245 245 245 245
250 251 252 254 255 257 257 257 258 258 261 264 265 265 266 267 270 272 273 273
274 275 275 276 278 279 279 280 281 282 283 284 284 284 284 285 286 289 290 290
291 292 293 293 294 294 298 299 300 302 302 304 307 307 309 311 311 312 312 314
314 314 314 315 316 316 317 317 321 322 323 324 324 328 328 330 331 333 335 336
339 340 341 341 342 342 343 343 346 347 349 349 350 351 351 352 352 352 354 354
355 355 356 356 357 358 359 360 360 361 361 363 363 363 363 363 364 364 366 367
367 370 370 371 372 373 376 376 376 377 378 378 378 379 381 381 381 382 382 384
384 384 384 385 385 385 386 387 389 392 393 393 396 396 397 399 402 404 405 405
406 406 409 410 412 412 413 413 416 416 417 419 419 419 420 420 423 424 425 428
428 429 429 430 431 431 432 433 433 434 436 439 440 440 440 440 441 441 441 441
442 443 443 443 444 445 448 451 452 452 453 455 456 456 456 458 458 459 459 459
460 461 463 463 466 467 468 468 470 471 472 472 473 476 477 478 479 479 482 483
483 487 490 492 493 494 496 497 498 499 499 500 500


Testing our CombSort on a vector of sets of integers.

Here is the unsorted vector of sets:

[0, 1, 6, 11, 16, 26, 32, 47, 48]    (Sum=187)
[5, 6, 16, 29, 35]    (Sum=91)
[3, 7, 13, 15, 25, 36, 41, 43]    (Sum=183)
[1, 3, 8, 11, 14, 36, 37, 50]    (Sum=160)
[15, 25, 40, 41, 47]    (Sum=168)
[1, 9, 24, 34, 47]    (Sum=115)
[2, 3, 21, 26, 27, 44]    (Sum=123)
[2, 12, 25, 37]    (Sum=76)
[9, 10, 14, 16, 17, 31, 37, 42]    (Sum=176)
[0, 15, 17, 23, 40, 46, 48]    (Sum=189)
[5, 6, 8, 9, 11, 12, 17, 26, 41, 44]    (Sum=179)
[1, 3, 9, 12, 15, 18, 32]    (Sum=90)
[5, 15, 18, 41, 46, 47]    (Sum=172)
[3, 10, 11, 16, 19]    (Sum=59)
[2, 5, 16, 17, 19, 27, 31, 32, 41, 48]    (Sum=238)
[13, 15, 18, 26, 31, 39, 40, 41, 44, 45]    (Sum=312)
[1, 17, 19, 24, 34, 45, 49]    (Sum=189)
[6, 20, 21, 29, 30, 31, 36, 43, 44]    (Sum=260)
[10, 30, 42, 45]    (Sum=127)
[5, 7, 15, 20, 26, 31, 37]    (Sum=141)
[12, 16, 19, 21, 32, 41, 42, 44, 47, 48]    (Sum=322)
[7, 9, 15, 19, 42]    (Sum=92)
[0, 4, 6, 12, 16, 24, 37, 42, 46]    (Sum=187)
[9, 15, 25, 27, 29, 43]    (Sum=148)
[7, 23, 29, 35]    (Sum=94)
[0, 3, 16, 23, 24, 37, 47]    (Sum=150)
[4, 7, 17, 33, 35, 40, 42, 44, 48, 50]    (Sum=320)
[9, 15, 30, 31, 47]    (Sum=132)
[9, 19, 27, 30, 38, 40, 46, 50]    (Sum=259)
[1, 9, 11, 34, 35, 37, 41]    (Sum=168)
[0, 9, 19, 36, 39, 45, 49, 50]    (Sum=247)
[7, 21, 24, 32, 46, 47]    (Sum=177)
[11, 13, 28, 29, 32, 36, 42, 43]    (Sum=234)
[1, 3, 20, 27, 33, 47, 48]    (Sum=179)
[28, 29, 34, 49]    (Sum=140)
[0, 15, 16, 25]    (Sum=56)
[5, 8, 14, 15, 16, 25, 27, 30, 39, 46, 49]    (Sum=274)
[4, 14, 16, 36, 48]    (Sum=118)
[0, 13, 24, 29, 30, 31, 32, 38, 41]    (Sum=238)
[4, 8, 15, 25, 27, 29, 31, 35, 36, 44]    (Sum=254)



Sorting...finished in 51 milliseconds.

Here is the sorted version.

[0, 15, 16, 25]    (Sum=56)
[3, 10, 11, 16, 19]    (Sum=59)
[2, 12, 25, 37]    (Sum=76)
[1, 3, 9, 12, 15, 18, 32]    (Sum=90)
[5, 6, 16, 29, 35]    (Sum=91)
[7, 9, 15, 19, 42]    (Sum=92)
[7, 23, 29, 35]    (Sum=94)
[1, 9, 24, 34, 47]    (Sum=115)
[4, 14, 16, 36, 48]    (Sum=118)
[2, 3, 21, 26, 27, 44]    (Sum=123)
[10, 30, 42, 45]    (Sum=127)
[9, 15, 30, 31, 47]    (Sum=132)
[28, 29, 34, 49]    (Sum=140)
[5, 7, 15, 20, 26, 31, 37]    (Sum=141)
[9, 15, 25, 27, 29, 43]    (Sum=148)
[0, 3, 16, 23, 24, 37, 47]    (Sum=150)
[1, 3, 8, 11, 14, 36, 37, 50]    (Sum=160)
[1, 9, 11, 34, 35, 37, 41]    (Sum=168)
[15, 25, 40, 41, 47]    (Sum=168)
[5, 15, 18, 41, 46, 47]    (Sum=172)
[9, 10, 14, 16, 17, 31, 37, 42]    (Sum=176)
[7, 21, 24, 32, 46, 47]    (Sum=177)
[5, 6, 8, 9, 11, 12, 17, 26, 41, 44]    (Sum=179)
[1, 3, 20, 27, 33, 47, 48]    (Sum=179)
[3, 7, 13, 15, 25, 36, 41, 43]    (Sum=183)
[0, 1, 6, 11, 16, 26, 32, 47, 48]    (Sum=187)
[0, 4, 6, 12, 16, 24, 37, 42, 46]    (Sum=187)
[0, 15, 17, 23, 40, 46, 48]    (Sum=189)
[1, 17, 19, 24, 34, 45, 49]    (Sum=189)
[11, 13, 28, 29, 32, 36, 42, 43]    (Sum=234)
[0, 13, 24, 29, 30, 31, 32, 38, 41]    (Sum=238)
[2, 5, 16, 17, 19, 27, 31, 32, 41, 48]    (Sum=238)
[0, 9, 19, 36, 39, 45, 49, 50]    (Sum=247)
[4, 8, 15, 25, 27, 29, 31, 35, 36, 44]    (Sum=254)
[9, 19, 27, 30, 38, 40, 46, 50]    (Sum=259)
[6, 20, 21, 29, 30, 31, 36, 43, 44]    (Sum=260)
[5, 8, 14, 15, 16, 25, 27, 30, 39, 46, 49]    (Sum=274)
[13, 15, 18, 26, 31, 39, 40, 41, 44, 45]    (Sum=312)
[4, 7, 17, 33, 35, 40, 42, 44, 48, 50]    (Sum=320)
[12, 16, 19, 21, 32, 41, 42, 44, 47, 48]    (Sum=322)



Testing our CombSort on a vector of strings...

Here is the unsorted vector of strings:

YBcSWa
mfFBAMK
oxfXz
bX UVxLZyb
IsINswHQEM
geP
KOWJ
VZa
meG
APLKHxOXqS
yux czDNdy
 Qh
FlMUz
ztg
ogSxi
ejKqBvRKnF
mXWOb
hhvcZA
wzU
DqP
jGQUu
BmprlfTCYn
UjEEn
YFTTN
RHVZiX
YMA
NRe
wCvLYGIu
RaVy
IRlzHf
LwR
NmJ
uQuaVqcXh
CovvUAwJGX
rlWZD
CqINu
WGqQwj
VnPuQK
fvxWaC
xDnN



Sorting...finished in 0 milliseconds.

Here is the sorted version.

 Qh
DqP
geP
LwR
meG
NmJ
NRe
VZa
wzU
YMA
ztg
KOWJ
RaVy
xDnN
CqINu
FlMUz
jGQUu
mXWOb
ogSxi
oxfXz
rlWZD
UjEEn
YFTTN
fvxWaC
hhvcZA
IRlzHf
RHVZiX
VnPuQK
WGqQwj
YBcSWa
mfFBAMK
wCvLYGIu
uQuaVqcXh
APLKHxOXqS
BmprlfTCYn
bX UVxLZyb
CovvUAwJGX
ejKqBvRKnF
IsINswHQEM
yux czDNdy



